-0.6241726198050337 -0.6241726198050337 -0.6241726198050337 | 1 0
4.019771336105498 4.019771336105498 4.019771336105498 | 1 0
-4.372334816531715 -4.372334816531715 -4.372334816531715 | 0 1
-0.14336297411776755 -0.14336297411776755 -0.14336297411776755 | 1 0
-4.674045102444021 -4.674045102444021 -4.674045102444021 | 0 1
2.7096274791212966 2.7096274791212966 2.7096274791212966 | 0 1
-5.564960018992984 -5.564960018992984 -5.564960018992984 | 0 1
-3.0764846463980366 -3.0764846463980366 -3.0764846463980366 | 1 0
5.009559911688937 5.009559911688937 5.009559911688937 | 1 0
-0.31707318708213705 -0.31707318708213705 -0.31707318708213705 | 1 0
1.4163081330924134 1.4163081330924134 1.4163081330924134 | 0 1
4.80282286538846 4.80282286538846 4.80282286538846 | 1 0
1.7926140258673549 1.7926140258673549 1.7926140258673549 | 0 1
-1.6754407206300233 -1.6754407206300233 -1.6754407206300233 | 1 0
-3.5471210506795967 -3.5471210506795967 -3.5471210506795967 | 0 1
6.106325846312853 6.106325846312853 6.106325846312853 | 1 0
-4.990317481817589 -4.990317481817589 -4.990317481817589 | 0 1
0.6791737406086478 0.6791737406086478 0.6791737406086478 | 0 1
1.2099333379319166 1.2099333379319166 1.2099333379319166 | 0 1
2.764643522567729 2.764643522567729 2.764643522567729 | 0 1
5.370024742104075 5.370024742104075 5.370024742104075 | 1 0
-1.589626626549144 -1.589626626549144 -1.589626626549144 | 1 0
-4.977397254859615 -4.977397254859615 -4.977397254859615 | 0 1
-4.662635462397663 -4.662635462397663 -4.662635462397663 | 0 1
-1.9099347385266325 -1.9099347385266325 -1.9099347385266325 | 1 0
0.3270861930322999 0.3270861930322999 0.3270861930322999 | 0 1
5.227146491007002 5.227146491007002 5.227146491007002 | 1 0
-1.4695760452087177 -1.4695760452087177 -1.4695760452087177 | 1 0
1.5396605652425261 1.5396605652425261 1.5396605652425261 | 0 1
-4.054282847025309 -4.054282847025309 -4.054282847025309 | 0 1
-3.1793644511936576 -3.1793644511936576 -3.1793644511936576 | 0 1
6.138352719128205 6.138352719128205 6.138352719128205 | 1 0
-2.263232398829107 -2.263232398829107 -2.263232398829107 | 1 0
-0.7859983811721758 -0.7859983811721758 -0.7859983811721758 | 1 0
-2.8516535881539657 -2.8516535881539657 -2.8516535881539657 | 1 0
3.298982395608242 3.298982395608242 3.298982395608242 | 1 0
-1.3064345384137468 -1.3064345384137468 -1.3064345384137468 | 1 0
-1.8403237551424656 -1.8403237551424656 -1.8403237551424656 | 1 0
1.8372930149621034 1.8372930149621034 1.8372930149621034 | 0 1
-1.63538976291637 -1.63538976291637 -1.63538976291637 | 1 0
-0.7969519233273878 -0.7969519233273878 -0.7969519233273878 | 1 0
-5.434472179805096 -5.434472179805096 -5.434472179805096 | 0 1
-1.1523758939823718 -1.1523758939823718 -1.1523758939823718 | 1 0
0.8939295202657691 0.8939295202657691 0.8939295202657691 | 0 1
3.140431571280068 3.140431571280068 3.140431571280068 | 0 1
-2.6735764880228183 -2.6735764880228183 -2.6735764880228183 | 1 0
-2.4394792861861716 -2.4394792861861716 -2.4394792861861716 | 1 0
5.728045929478286 5.728045929478286 5.728045929478286 | 1 0
-1.4873052358110455 -1.4873052358110455 -1.4873052358110455 | 1 0
-2.657706588155093 -2.657706588155093 -2.657706588155093 | 1 0
3.797857115434912 3.797857115434912 3.797857115434912 | 1 0
3.33464424522297 3.33464424522297 3.33464424522297 | 1 0
-1.3490892391447735 -1.3490892391447735 -1.3490892391447735 | 1 0
-0.8975703312240118 -0.8975703312240118 -0.8975703312240118 | 1 0
3.053730972583626 3.053730972583626 3.053730972583626 | 0 1
-0.6940306833249297 -0.6940306833249297 -0.6940306833249297 | 1 0
3.6888646007987287 3.6888646007987287 3.6888646007987287 | 1 0
1.2548662290327846 1.2548662290327846 1.2548662290327846 | 0 1
2.581563308859428 2.581563308859428 2.581563308859428 | 0 1
4.441465092503229 4.441465092503229 4.441465092503229 | 1 0
5.330394239899308 5.330394239899308 5.330394239899308 | 1 0
6.018444998405581 6.018444998405581 6.018444998405581 | 1 0
4.0157757541917505 4.0157757541917505 4.0157757541917505 | 1 0
-0.33069006001626544 -0.33069006001626544 -0.33069006001626544 | 1 0
2.7461618427012304 2.7461618427012304 2.7461618427012304 | 0 1
2.1277900336822544 2.1277900336822544 2.1277900336822544 | 0 1
1.492193278697255 1.492193278697255 1.492193278697255 | 0 1
1.9667442547903065 1.9667442547903065 1.9667442547903065 | 0 1
6.214383719438967 6.214383719438967 6.214383719438967 | 1 0
2.3833823840294297 2.3833823840294297 2.3833823840294297 | 0 1
6.052866918327588 6.052866918327588 6.052866918327588 | 1 0
-2.316310726327063 -2.316310726327063 -2.316310726327063 | 1 0
-2.75899468988007 -2.75899468988007 -2.75899468988007 | 1 0
-4.308824244428063 -4.308824244428063 -4.308824244428063 | 0 1
-3.458735946026597 -3.458735946026597 -3.458735946026597 | 0 1
0.8942361215070376 0.8942361215070376 0.8942361215070376 | 0 1
6.008297100728511 6.008297100728511 6.008297100728511 | 1 0
3.157976724940335 3.157976724940335 3.157976724940335 | 1 0
3.123040454104034 3.123040454104034 3.123040454104034 | 0 1
5.072300841670588 5.072300841670588 5.072300841670588 | 1 0
4.216161768186648 4.216161768186648 4.216161768186648 | 1 0
5.40234822450811 5.40234822450811 5.40234822450811 | 1 0
-3.4656161967945445 -3.4656161967945445 -3.4656161967945445 | 0 1
2.0803010401089033 2.0803010401089033 2.0803010401089033 | 0 1
-0.7567301735001326 -0.7567301735001326 -0.7567301735001326 | 1 0
4.0652154268324985 4.0652154268324985 4.0652154268324985 | 1 0
-3.218419378087028 -3.218419378087028 -3.218419378087028 | 0 1
-1.3762042704027042 -1.3762042704027042 -1.3762042704027042 | 1 0
2.642884646561491 2.642884646561491 2.642884646561491 | 0 1
-3.1294569858315437 -3.1294569858315437 -3.1294569858315437 | 1 0
2.158970247191151 2.158970247191151 2.158970247191151 | 0 1
0.3817208795656608 0.3817208795656608 0.3817208795656608 | 0 1
-1.8936945981420523 -1.8936945981420523 -1.8936945981420523 | 1 0
1.2085190759245634 1.2085190759245634 1.2085190759245634 | 0 1
-0.9386066276096008 -0.9386066276096008 -0.9386066276096008 | 1 0
0.8162986341310869 0.8162986341310869 0.8162986341310869 | 0 1
-1.1330487080469327 -1.1330487080469327 -1.1330487080469327 | 1 0
-5.612036241974984 -5.612036241974984 -5.612036241974984 | 0 1
-2.7400447142505016 -2.7400447142505016 -2.7400447142505016 | 1 0
3.707109867634241 3.707109867634241 3.707109867634241 | 1 0
4.304768550339858 4.304768550339858 4.304768550339858 | 1 0
0.19368747346230908 0.19368747346230908 0.19368747346230908 | 0 1
2.2885986105404594 2.2885986105404594 2.2885986105404594 | 0 1
-0.2813456312522824 -0.2813456312522824 -0.2813456312522824 | 1 0
3.1381765231024037 3.1381765231024037 3.1381765231024037 | 0 1
-3.6084292142281282 -3.6084292142281282 -3.6084292142281282 | 0 1
1.4325910355713685 1.4325910355713685 1.4325910355713685 | 0 1
1.9096336482113276 1.9096336482113276 1.9096336482113276 | 0 1
-4.093640751591007 -4.093640751591007 -4.093640751591007 | 0 1
-4.636815342981167 -4.636815342981167 -4.636815342981167 | 0 1
-1.6142405106181457 -1.6142405106181457 -1.6142405106181457 | 1 0
2.6656634475179857 2.6656634475179857 2.6656634475179857 | 0 1
6.045678529028695 6.045678529028695 6.045678529028695 | 1 0
-3.424938276434015 -3.424938276434015 -3.424938276434015 | 0 1
0.1921557246504646 0.1921557246504646 0.1921557246504646 | 0 1
0.5076524739028212 0.5076524739028212 0.5076524739028212 | 0 1
-4.647080273865365 -4.647080273865365 -4.647080273865365 | 0 1
0.7285475374495363 0.7285475374495363 0.7285475374495363 | 0 1
-1.2619819552331375 -1.2619819552331375 -1.2619819552331375 | 1 0
-3.487250306967933 -3.487250306967933 -3.487250306967933 | 0 1
3.9433757687911246 3.9433757687911246 3.9433757687911246 | 1 0
-1.849494373785448 -1.849494373785448 -1.849494373785448 | 1 0
-6.1845510904229695 -6.1845510904229695 -6.1845510904229695 | 0 1
4.294240951077509 4.294240951077509 4.294240951077509 | 1 0
2.106872838270702 2.106872838270702 2.106872838270702 | 0 1
-3.01847272600396 -3.01847272600396 -3.01847272600396 | 1 0
5.588994567885365 5.588994567885365 5.588994567885365 | 1 0
6.086376094853289 6.086376094853289 6.086376094853289 | 1 0
2.5035505528290756 2.5035505528290756 2.5035505528290756 | 0 1
-0.27317740874382856 -0.27317740874382856 -0.27317740874382856 | 1 0
1.3598146049155035 1.3598146049155035 1.3598146049155035 | 0 1
-2.7281419647065004 -2.7281419647065004 -2.7281419647065004 | 1 0
2.4647040398868647 2.4647040398868647 2.4647040398868647 | 0 1
5.252187888709173 5.252187888709173 5.252187888709173 | 1 0
2.857351825650534 2.857351825650534 2.857351825650534 | 0 1
2.8917383388366975 2.8917383388366975 2.8917383388366975 | 0 1
2.2844666098735757 2.2844666098735757 2.2844666098735757 | 0 1
2.389494345248872 2.389494345248872 2.389494345248872 | 0 1
3.5424859069016517 3.5424859069016517 3.5424859069016517 | 1 0
-1.0736468908680497 -1.0736468908680497 -1.0736468908680497 | 1 0
-1.2243920790081742 -1.2243920790081742 -1.2243920790081742 | 1 0
5.858556218363706 5.858556218363706 5.858556218363706 | 1 0
5.600438493783432 5.600438493783432 5.600438493783432 | 1 0
1.524411646650055 1.524411646650055 1.524411646650055 | 0 1
-4.446891251050776 -4.446891251050776 -4.446891251050776 | 0 1
-4.819279719420414 -4.819279719420414 -4.819279719420414 | 0 1
-2.502488084941101 -2.502488084941101 -2.502488084941101 | 1 0
1.9045998674801705 1.9045998674801705 1.9045998674801705 | 0 1
-4.604178559907958 -4.604178559907958 -4.604178559907958 | 0 1
0.6515598953978436 0.6515598953978436 0.6515598953978436 | 0 1
-4.5387801392689155 -4.5387801392689155 -4.5387801392689155 | 0 1
-4.03817593922045 -4.03817593922045 -4.03817593922045 | 0 1
-0.6040815027510398 -0.6040815027510398 -0.6040815027510398 | 1 0
-4.710319696559651 -4.710319696559651 -4.710319696559651 | 0 1
0.4243127310268946 0.4243127310268946 0.4243127310268946 | 0 1
-3.743159930209925 -3.743159930209925 -3.743159930209925 | 0 1
0.9433344670257879 0.9433344670257879 0.9433344670257879 | 0 1
3.8099439160429203 3.8099439160429203 3.8099439160429203 | 1 0
3.1393433893092375 3.1393433893092375 3.1393433893092375 | 0 1
-0.89961032251282 -0.89961032251282 -0.89961032251282 | 1 0
-4.319685007808621 -4.319685007808621 -4.319685007808621 | 0 1
4.5237523757913 4.5237523757913 4.5237523757913 | 1 0
-4.683291670570664 -4.683291670570664 -4.683291670570664 | 0 1
1.0963716699658228 1.0963716699658228 1.0963716699658228 | 0 1
2.3810073511979972 2.3810073511979972 2.3810073511979972 | 0 1
-3.424023306787208 -3.424023306787208 -3.424023306787208 | 0 1
-3.5351921666123225 -3.5351921666123225 -3.5351921666123225 | 0 1
-4.412943882621679 -4.412943882621679 -4.412943882621679 | 0 1
5.348160235178602 5.348160235178602 5.348160235178602 | 1 0
-1.1743508947166488 -1.1743508947166488 -1.1743508947166488 | 1 0
-0.20017445783635246 -0.20017445783635246 -0.20017445783635246 | 1 0
-5.537457785438156 -5.537457785438156 -5.537457785438156 | 0 1
4.650937570846603 4.650937570846603 4.650937570846603 | 1 0
-1.1206386183263417 -1.1206386183263417 -1.1206386183263417 | 1 0
-2.1536814602596763 -2.1536814602596763 -2.1536814602596763 | 1 0
-4.630048834003493 -4.630048834003493 -4.630048834003493 | 0 1
-6.09157038634145 -6.09157038634145 -6.09157038634145 | 0 1
0.7546696079074939 0.7546696079074939 0.7546696079074939 | 0 1
-4.7910142711412975 -4.7910142711412975 -4.7910142711412975 | 0 1
0.7702442012754105 0.7702442012754105 0.7702442012754105 | 0 1
-3.1259589437414896 -3.1259589437414896 -3.1259589437414896 | 1 0
0.9703415234129311 0.9703415234129311 0.9703415234129311 | 0 1
6.230046963012612 6.230046963012612 6.230046963012612 | 1 0
-1.472688235885414 -1.472688235885414 -1.472688235885414 | 1 0
1.2007730353622286 1.2007730353622286 1.2007730353622286 | 0 1
-5.371063554109503 -5.371063554109503 -5.371063554109503 | 0 1
0.6103418972337185 0.6103418972337185 0.6103418972337185 | 0 1
-5.830271306214792 -5.830271306214792 -5.830271306214792 | 0 1
-0.26456802277466274 -0.26456802277466274 -0.26456802277466274 | 1 0
2.238265039439103 2.238265039439103 2.238265039439103 | 0 1
2.597279108822544 2.597279108822544 2.597279108822544 | 0 1
-1.7066924126523828 -1.7066924126523828 -1.7066924126523828 | 1 0
3.694037129538394 3.694037129538394 3.694037129538394 | 1 0
-0.23357230612060764 -0.23357230612060764 -0.23357230612060764 | 1 0
1.9837132103523683 1.9837132103523683 1.9837132103523683 | 0 1
-4.560011291939538 -4.560011291939538 -4.560011291939538 | 0 1
-2.407176332831066 -2.407176332831066 -2.407176332831066 | 1 0
4.31850081296208 4.31850081296208 4.31850081296208 | 1 0
-1.4018529711962282 -1.4018529711962282 -1.4018529711962282 | 1 0
-3.1026320954410993 -3.1026320954410993 -3.1026320954410993 | 1 0
-0.1858643778642941 -0.1858643778642941 -0.1858643778642941 | 1 0
1.0116956988127184 1.0116956988127184 1.0116956988127184 | 0 1
2.966152676662734 2.966152676662734 2.966152676662734 | 0 1
0.15248122577056034 0.15248122577056034 0.15248122577056034 | 0 1
-5.428202820422315 -5.428202820422315 -5.428202820422315 | 0 1
6.198480205111386 6.198480205111386 6.198480205111386 | 1 0
-4.485462715618729 -4.485462715618729 -4.485462715618729 | 0 1
2.5978316648971056 2.5978316648971056 2.5978316648971056 | 0 1
-1.8668286299478014 -1.8668286299478014 -1.8668286299478014 | 1 0
-2.7546019570466975 -2.7546019570466975 -2.7546019570466975 | 1 0
2.8853530011688377 2.8853530011688377 2.8853530011688377 | 0 1
-0.1091092025250564 -0.1091092025250564 -0.1091092025250564 | 1 0
3.2602667824321436 3.2602667824321436 3.2602667824321436 | 1 0
-5.225360739826584 -5.225360739826584 -5.225360739826584 | 0 1
-5.043495165492912 -5.043495165492912 -5.043495165492912 | 0 1
0.6359396793562322 0.6359396793562322 0.6359396793562322 | 0 1
-5.262886696826705 -5.262886696826705 -5.262886696826705 | 0 1
-0.20940985794197697 -0.20940985794197697 -0.20940985794197697 | 1 0
-6.217552186663468 -6.217552186663468 -6.217552186663468 | 0 1
1.5848386265885912 1.5848386265885912 1.5848386265885912 | 0 1
5.443948906360422 5.443948906360422 5.443948906360422 | 1 0
0.5736377917313611 0.5736377917313611 0.5736377917313611 | 0 1
0.8803020743274148 0.8803020743274148 0.8803020743274148 | 0 1
1.2076334298536322 1.2076334298536322 1.2076334298536322 | 0 1
4.930494578746215 4.930494578746215 4.930494578746215 | 1 0
2.3204577490047775 2.3204577490047775 2.3204577490047775 | 0 1
-1.1784745884929961 -1.1784745884929961 -1.1784745884929961 | 1 0
-0.5602666168052899 -0.5602666168052899 -0.5602666168052899 | 1 0
6.219169632470438 6.219169632470438 6.219169632470438 | 1 0
3.0135411336230558 3.0135411336230558 3.0135411336230558 | 0 1
-2.0879755863940925 -2.0879755863940925 -2.0879755863940925 | 1 0
5.152622767398823 5.152622767398823 5.152622767398823 | 1 0
-3.792226724206198 -3.792226724206198 -3.792226724206198 | 0 1
-5.889843948121339 -5.889843948121339 -5.889843948121339 | 0 1
3.0145633832334635 3.0145633832334635 3.0145633832334635 | 0 1
-2.3765530575235982 -2.3765530575235982 -2.3765530575235982 | 1 0
5.808590913189766 5.808590913189766 5.808590913189766 | 1 0
-3.607096900058332 -3.607096900058332 -3.607096900058332 | 0 1
-0.6902985549901874 -0.6902985549901874 -0.6902985549901874 | 1 0
2.7670036499677924 2.7670036499677924 2.7670036499677924 | 0 1
1.9361481195637325 1.9361481195637325 1.9361481195637325 | 0 1
2.37771289834731 2.37771289834731 2.37771289834731 | 0 1
4.288473545648621 4.288473545648621 4.288473545648621 | 1 0
4.873799362285585 4.873799362285585 4.873799362285585 | 1 0
0.6875028091007547 0.6875028091007547 0.6875028091007547 | 0 1
-0.1363472213776351 -0.1363472213776351 -0.1363472213776351 | 1 0
2.9623621572128975 2.9623621572128975 2.9623621572128975 | 0 1
1.2216255421441646 1.2216255421441646 1.2216255421441646 | 0 1
3.7509858581713083 3.7509858581713083 3.7509858581713083 | 1 0
1.7841029347861959 1.7841029347861959 1.7841029347861959 | 0 1
-5.644079786490897 -5.644079786490897 -5.644079786490897 | 0 1
4.076341967143174 4.076341967143174 4.076341967143174 | 1 0
3.1457478327110824 3.1457478327110824 3.1457478327110824 | 1 0
-2.3452908626364084 -2.3452908626364084 -2.3452908626364084 | 1 0
-5.900078836716511 -5.900078836716511 -5.900078836716511 | 0 1
-0.3439018540161163 -0.3439018540161163 -0.3439018540161163 | 1 0
-4.2879266111543135 -4.2879266111543135 -4.2879266111543135 | 0 1
1.9479844422185337 1.9479844422185337 1.9479844422185337 | 0 1
2.1627938586357356 2.1627938586357356 2.1627938586357356 | 0 1
2.659052523502554 2.659052523502554 2.659052523502554 | 0 1
5.193395476823568 5.193395476823568 5.193395476823568 | 1 0
3.6187704678640262 3.6187704678640262 3.6187704678640262 | 1 0
6.176086799775343 6.176086799775343 6.176086799775343 | 1 0
-3.8896135049963 -3.8896135049963 -3.8896135049963 | 0 1
-0.7043192250332391 -0.7043192250332391 -0.7043192250332391 | 1 0
4.095612907953223 4.095612907953223 4.095612907953223 | 1 0
-0.6991269993431084 -0.6991269993431084 -0.6991269993431084 | 1 0
4.965487410666883 4.965487410666883 4.965487410666883 | 1 0
5.491707210926551 5.491707210926551 5.491707210926551 | 1 0
-3.940108448050962 -3.940108448050962 -3.940108448050962 | 0 1
-5.316179106645347 -5.316179106645347 -5.316179106645347 | 0 1
3.1977740636177234 3.1977740636177234 3.1977740636177234 | 1 0
-4.9434265478191755 -4.9434265478191755 -4.9434265478191755 | 0 1
-6.001780682088317 -6.001780682088317 -6.001780682088317 | 0 1
6.2035959425159 6.2035959425159 6.2035959425159 | 1 0
6.03496414505023 6.03496414505023 6.03496414505023 | 1 0
5.634686693652689 5.634686693652689 5.634686693652689 | 1 0
-4.779559646364972 -4.779559646364972 -4.779559646364972 | 0 1
-0.5927089449895568 -0.5927089449895568 -0.5927089449895568 | 1 0
-4.283804725863366 -4.283804725863366 -4.283804725863366 | 0 1
-2.1210107622061614 -2.1210107622061614 -2.1210107622061614 | 1 0
1.3578487817081726 1.3578487817081726 1.3578487817081726 | 0 1
1.0117754640362815 1.0117754640362815 1.0117754640362815 | 0 1
-3.5717846186129143 -3.5717846186129143 -3.5717846186129143 | 0 1
-2.4843780121477357 -2.4843780121477357 -2.4843780121477357 | 1 0
-3.434901811700109 -3.434901811700109 -3.434901811700109 | 0 1
-3.0028752745600342 -3.0028752745600342 -3.0028752745600342 | 1 0
2.4818250102140222 2.4818250102140222 2.4818250102140222 | 0 1
-4.268954862503064 -4.268954862503064 -4.268954862503064 | 0 1
1.3168330245944002 1.3168330245944002 1.3168330245944002 | 0 1
1.1965758895955592 1.1965758895955592 1.1965758895955592 | 0 1
-3.625701641963055 -3.625701641963055 -3.625701641963055 | 0 1
-2.7878080835490127 -2.7878080835490127 -2.7878080835490127 | 1 0
4.205542596121385 4.205542596121385 4.205542596121385 | 1 0
-3.417513836923681 -3.417513836923681 -3.417513836923681 | 0 1
-0.715690056183349 -0.715690056183349 -0.715690056183349 | 1 0
5.339857137751132 5.339857137751132 5.339857137751132 | 1 0
0.7728318649709998 0.7728318649709998 0.7728318649709998 | 0 1
-4.058570385008872 -4.058570385008872 -4.058570385008872 | 0 1
0.7527373672221245 0.7527373672221245 0.7527373672221245 | 0 1
2.5410770491232153 2.5410770491232153 2.5410770491232153 | 0 1
-3.5659737534706704 -3.5659737534706704 -3.5659737534706704 | 0 1
4.341358247090142 4.341358247090142 4.341358247090142 | 1 0
-5.888704470318151 -5.888704470318151 -5.888704470318151 | 0 1
-1.7163392300050049 -1.7163392300050049 -1.7163392300050049 | 1 0
4.422595859441145 4.422595859441145 4.422595859441145 | 1 0
3.0689430140727847 3.0689430140727847 3.0689430140727847 | 0 1
-5.728631794304276 -5.728631794304276 -5.728631794304276 | 0 1
-0.6279871834102089 -0.6279871834102089 -0.6279871834102089 | 1 0
1.8276779912959462 1.8276779912959462 1.8276779912959462 | 0 1
1.7468084326454907 1.7468084326454907 1.7468084326454907 | 0 1
-0.11513330893822804 -0.11513330893822804 -0.11513330893822804 | 1 0
6.05091994071198 6.05091994071198 6.05091994071198 | 1 0
5.452703766804982 5.452703766804982 5.452703766804982 | 1 0
-5.108829636832258 -5.108829636832258 -5.108829636832258 | 0 1
2.8974397779528402 2.8974397779528402 2.8974397779528402 | 0 1
-3.8801420867995073 -3.8801420867995073 -3.8801420867995073 | 0 1
0.6310888044639018 0.6310888044639018 0.6310888044639018 | 0 1
-6.2450417302690955 -6.2450417302690955 -6.2450417302690955 | 0 1
-1.4322064345444403 -1.4322064345444403 -1.4322064345444403 | 1 0
2.051141386114171 2.051141386114171 2.051141386114171 | 0 1
5.5503628668353855 5.5503628668353855 5.5503628668353855 | 1 0
-3.560579361222847 -3.560579361222847 -3.560579361222847 | 0 1
-1.4275457431706027 -1.4275457431706027 -1.4275457431706027 | 1 0
-0.2244277179072185 -0.2244277179072185 -0.2244277179072185 | 1 0
3.9897792310077556 3.9897792310077556 3.9897792310077556 | 1 0
2.6561597806328034 2.6561597806328034 2.6561597806328034 | 0 1
-3.180203340912379 -3.180203340912379 -3.180203340912379 | 0 1
0.8474924687466521 0.8474924687466521 0.8474924687466521 | 0 1
-2.713150285850292 -2.713150285850292 -2.713150285850292 | 1 0
-1.7974819415196723 -1.7974819415196723 -1.7974819415196723 | 1 0
-5.791705483051385 -5.791705483051385 -5.791705483051385 | 0 1
-3.736960834488565 -3.736960834488565 -3.736960834488565 | 0 1
-3.1482310950433265 -3.1482310950433265 -3.1482310950433265 | 0 1
5.3346537917294885 5.3346537917294885 5.3346537917294885 | 1 0
0.08445357231072492 0.08445357231072492 0.08445357231072492 | 0 1
-4.976464972316407 -4.976464972316407 -4.976464972316407 | 0 1
-5.535661996583121 -5.535661996583121 -5.535661996583121 | 0 1
-2.544107642957353 -2.544107642957353 -2.544107642957353 | 1 0
-1.512411553961953 -1.512411553961953 -1.512411553961953 | 1 0
5.396512375262754 5.396512375262754 5.396512375262754 | 1 0
3.6782675185459297 3.6782675185459297 3.6782675185459297 | 1 0
3.371826991544742 3.371826991544742 3.371826991544742 | 1 0
-3.9870737140845995 -3.9870737140845995 -3.9870737140845995 | 0 1
-3.1616572364141726 -3.1616572364141726 -3.1616572364141726 | 0 1
-2.889594397172908 -2.889594397172908 -2.889594397172908 | 1 0
6.17114051015033 6.17114051015033 6.17114051015033 | 1 0
-2.0019030890627247 -2.0019030890627247 -2.0019030890627247 | 1 0
-6.252485490632257 -6.252485490632257 -6.252485490632257 | 0 1
-4.999110584206667 -4.999110584206667 -4.999110584206667 | 0 1
-2.191516763702235 -2.191516763702235 -2.191516763702235 | 1 0
-2.920019904929164 -2.920019904929164 -2.920019904929164 | 1 0
-5.734162100369579 -5.734162100369579 -5.734162100369579 | 0 1
0.013461710688988049 0.013461710688988049 0.013461710688988049 | 0 1
-3.074154608624628 -3.074154608624628 -3.074154608624628 | 1 0
-2.4277333883872374 -2.4277333883872374 -2.4277333883872374 | 1 0
-3.3271980998879025 -3.3271980998879025 -3.3271980998879025 | 0 1
4.195247455541006 4.195247455541006 4.195247455541006 | 1 0
0.5287272909676748 0.5287272909676748 0.5287272909676748 | 0 1
4.678968360648302 4.678968360648302 4.678968360648302 | 1 0
1.967682050099926 1.967682050099926 1.967682050099926 | 0 1
4.198054699031063 4.198054699031063 4.198054699031063 | 1 0
-3.135936806178453 -3.135936806178453 -3.135936806178453 | 1 0
-1.0246842308633903 -1.0246842308633903 -1.0246842308633903 | 1 0
-3.2013802849130375 -3.2013802849130375 -3.2013802849130375 | 0 1
2.472572017001797 2.472572017001797 2.472572017001797 | 0 1
1.067404004594473 1.067404004594473 1.067404004594473 | 0 1
2.1657398029714976 2.1657398029714976 2.1657398029714976 | 0 1
4.88983385573462 4.88983385573462 4.88983385573462 | 1 0
-5.001286756696951 -5.001286756696951 -5.001286756696951 | 0 1
0.428874734397966 0.428874734397966 0.428874734397966 | 0 1
1.3098277774857259 1.3098277774857259 1.3098277774857259 | 0 1
1.9894717957646844 1.9894717957646844 1.9894717957646844 | 0 1
-4.055260606981151 -4.055260606981151 -4.055260606981151 | 0 1
-1.680571124943544 -1.680571124943544 -1.680571124943544 | 1 0
1.1654114240123628 1.1654114240123628 1.1654114240123628 | 0 1
5.158762943186266 5.158762943186266 5.158762943186266 | 1 0
5.373376852391436 5.373376852391436 5.373376852391436 | 1 0
-5.7659066039533355 -5.7659066039533355 -5.7659066039533355 | 0 1
-2.7992735215574034 -2.7992735215574034 -2.7992735215574034 | 1 0
0.93046304858209 0.93046304858209 0.93046304858209 | 0 1
-3.729132604774367 -3.729132604774367 -3.729132604774367 | 0 1
0.36560550166847694 0.36560550166847694 0.36560550166847694 | 0 1
1.1081721671118636 1.1081721671118636 1.1081721671118636 | 0 1
3.273033240754218 3.273033240754218 3.273033240754218 | 1 0
-4.754400263075334 -4.754400263075334 -4.754400263075334 | 0 1
6.272225583446787 6.272225583446787 6.272225583446787 | 1 0
-0.8841054992693556 -0.8841054992693556 -0.8841054992693556 | 1 0
2.3086147637971557 2.3086147637971557 2.3086147637971557 | 0 1
-4.101326994489215 -4.101326994489215 -4.101326994489215 | 0 1
0.9798554429070956 0.9798554429070956 0.9798554429070956 | 0 1
1.6929810284045548 1.6929810284045548 1.6929810284045548 | 0 1
2.792239143987544 2.792239143987544 2.792239143987544 | 0 1
-4.339387858360717 -4.339387858360717 -4.339387858360717 | 0 1
4.140509768511091 4.140509768511091 4.140509768511091 | 1 0
3.925481286195309 3.925481286195309 3.925481286195309 | 1 0
1.9847220708724684 1.9847220708724684 1.9847220708724684 | 0 1
-1.9745586187396365 -1.9745586187396365 -1.9745586187396365 | 1 0
-1.6998335984762125 -1.6998335984762125 -1.6998335984762125 | 1 0
-3.4613955059632726 -3.4613955059632726 -3.4613955059632726 | 0 1
-3.9256581571832396 -3.9256581571832396 -3.9256581571832396 | 0 1
1.1271428833878554 1.1271428833878554 1.1271428833878554 | 0 1
2.485837713254215 2.485837713254215 2.485837713254215 | 0 1
-3.590933222307251 -3.590933222307251 -3.590933222307251 | 0 1
1.1443581867498223 1.1443581867498223 1.1443581867498223 | 0 1
5.6194333707494 5.6194333707494 5.6194333707494 | 1 0
3.254593502461729 3.254593502461729 3.254593502461729 | 1 0
-1.2820262937638862 -1.2820262937638862 -1.2820262937638862 | 1 0
-0.8896003677310853 -0.8896003677310853 -0.8896003677310853 | 1 0
2.377280806458181 2.377280806458181 2.377280806458181 | 0 1
-4.20041467685928 -4.20041467685928 -4.20041467685928 | 0 1
3.692028235639249 3.692028235639249 3.692028235639249 | 1 0
1.3647857171631452 1.3647857171631452 1.3647857171631452 | 0 1
-5.466039742621753 -5.466039742621753 -5.466039742621753 | 0 1
-4.860213443052224 -4.860213443052224 -4.860213443052224 | 0 1
-0.8564084693061833 -0.8564084693061833 -0.8564084693061833 | 1 0
2.5848761445224735 2.5848761445224735 2.5848761445224735 | 0 1
5.632866347664223 5.632866347664223 5.632866347664223 | 1 0
0.11717701391701851 0.11717701391701851 0.11717701391701851 | 0 1
3.030059460861386 3.030059460861386 3.030059460861386 | 0 1
-0.9112550854425558 -0.9112550854425558 -0.9112550854425558 | 1 0
-4.26309720523634 -4.26309720523634 -4.26309720523634 | 0 1
3.245552505413503 3.245552505413503 3.245552505413503 | 1 0
-4.455527114251028 -4.455527114251028 -4.455527114251028 | 0 1
1.2366096809664517 1.2366096809664517 1.2366096809664517 | 0 1
-3.850531899271713 -3.850531899271713 -3.850531899271713 | 0 1
-5.872724831652056 -5.872724831652056 -5.872724831652056 | 0 1
3.573032381156544 3.573032381156544 3.573032381156544 | 1 0
1.0690397925049764 1.0690397925049764 1.0690397925049764 | 0 1
-2.4982436319501455 -2.4982436319501455 -2.4982436319501455 | 1 0
-3.5882969002125855 -3.5882969002125855 -3.5882969002125855 | 0 1
4.930384187253253 4.930384187253253 4.930384187253253 | 1 0
3.1939656001992933 3.1939656001992933 3.1939656001992933 | 1 0
5.655274881633892 5.655274881633892 5.655274881633892 | 1 0
6.179667353919317 6.179667353919317 6.179667353919317 | 1 0
2.068687402484562 2.068687402484562 2.068687402484562 | 0 1
-2.6482696036141404 -2.6482696036141404 -2.6482696036141404 | 1 0
0.6345268273324809 0.6345268273324809 0.6345268273324809 | 0 1
-1.279302607350429 -1.279302607350429 -1.279302607350429 | 1 0
-4.369558126417605 -4.369558126417605 -4.369558126417605 | 0 1
2.720926142505453 2.720926142505453 2.720926142505453 | 0 1
1.4365326016700433 1.4365326016700433 1.4365326016700433 | 0 1
2.2111560326812345 2.2111560326812345 2.2111560326812345 | 0 1
3.9890419058407307 3.9890419058407307 3.9890419058407307 | 1 0
-5.368941668018351 -5.368941668018351 -5.368941668018351 | 0 1
-1.3047144495017937 -1.3047144495017937 -1.3047144495017937 | 1 0
-1.4734905752641243 -1.4734905752641243 -1.4734905752641243 | 1 0
4.897225096679918 4.897225096679918 4.897225096679918 | 1 0
0.036075247970963176 0.036075247970963176 0.036075247970963176 | 0 1
-2.869984402837544 -2.869984402837544 -2.869984402837544 | 1 0
-4.78663296843321 -4.78663296843321 -4.78663296843321 | 0 1
2.9268102543190206 2.9268102543190206 2.9268102543190206 | 0 1
-2.55734760171159 -2.55734760171159 -2.55734760171159 | 1 0
-1.0231353241792833 -1.0231353241792833 -1.0231353241792833 | 1 0
1.877905711527129 1.877905711527129 1.877905711527129 | 0 1
-2.5434883383205316 -2.5434883383205316 -2.5434883383205316 | 1 0
3.1163121688792668 3.1163121688792668 3.1163121688792668 | 0 1
-1.5899211539535827 -1.5899211539535827 -1.5899211539535827 | 1 0
-3.3578124428995473 -3.3578124428995473 -3.3578124428995473 | 0 1
5.218053529332048 5.218053529332048 5.218053529332048 | 1 0
5.547003206467457 5.547003206467457 5.547003206467457 | 1 0
3.921574901996669 3.921574901996669 3.921574901996669 | 1 0
-5.997343432395619 -5.997343432395619 -5.997343432395619 | 0 1
1.477885201965937 1.477885201965937 1.477885201965937 | 0 1
-0.31268247843998864 -0.31268247843998864 -0.31268247843998864 | 1 0
-5.949994848588757 -5.949994848588757 -5.949994848588757 | 0 1
3.268196746007666 3.268196746007666 3.268196746007666 | 1 0
3.5852248285557593 3.5852248285557593 3.5852248285557593 | 1 0
5.0505860738790584 5.0505860738790584 5.0505860738790584 | 1 0
3.5532934306296475 3.5532934306296475 3.5532934306296475 | 1 0
-5.017859262914746 -5.017859262914746 -5.017859262914746 | 0 1
3.195746623046718 3.195746623046718 3.195746623046718 | 1 0
-0.46458944797920054 -0.46458944797920054 -0.46458944797920054 | 1 0
2.4885499180048 2.4885499180048 2.4885499180048 | 0 1
4.787522814818049 4.787522814818049 4.787522814818049 | 1 0
-3.9286125588270093 -3.9286125588270093 -3.9286125588270093 | 0 1
5.934496362143612 5.934496362143612 5.934496362143612 | 1 0
-6.263333658163583 -6.263333658163583 -6.263333658163583 | 0 1
5.443781974646917 5.443781974646917 5.443781974646917 | 1 0
-1.030813760356323 -1.030813760356323 -1.030813760356323 | 1 0
0.08053260399635764 0.08053260399635764 0.08053260399635764 | 0 1
-5.1652598708451904 -5.1652598708451904 -5.1652598708451904 | 0 1
5.85279954527428 5.85279954527428 5.85279954527428 | 1 0
-3.6457777233856983 -3.6457777233856983 -3.6457777233856983 | 0 1
0.8597397877888344 0.8597397877888344 0.8597397877888344 | 0 1
-3.4197677471817416 -3.4197677471817416 -3.4197677471817416 | 0 1
3.5565389259764135 3.5565389259764135 3.5565389259764135 | 1 0
-2.111184208402439 -2.111184208402439 -2.111184208402439 | 1 0
-0.04699830629149204 -0.04699830629149204 -0.04699830629149204 | 1 0
4.157293524591479 4.157293524591479 4.157293524591479 | 1 0
-2.6314607113624797 -2.6314607113624797 -2.6314607113624797 | 1 0
-6.091306472309771 -6.091306472309771 -6.091306472309771 | 0 1
-3.0519989130899834 -3.0519989130899834 -3.0519989130899834 | 1 0
0.9144223039908006 0.9144223039908006 0.9144223039908006 | 0 1
5.694162310095807 5.694162310095807 5.694162310095807 | 1 0
-0.19838615413151306 -0.19838615413151306 -0.19838615413151306 | 1 0
5.265830952606457 5.265830952606457 5.265830952606457 | 1 0
1.8153540557578172 1.8153540557578172 1.8153540557578172 | 0 1
-4.898334630434418 -4.898334630434418 -4.898334630434418 | 0 1
-4.376423328054107 -4.376423328054107 -4.376423328054107 | 0 1
